$ANSIBLE_VAULT;1.1;AES256
30376564333237353465396139316236653431656466386336323362333633376130623833383232
3266623134333161363237343336326331323538386166650a633664323735633963396435386161
66386339663433393138663365666461613662373433393534343035333033353431653864363863
3637633961313733390a343162366639363539653831623935646262376165373637326365393530
66303139643535623833663934346133326631383837396166653737623538643265656433666530
65303830376566393064616564316564333239363932303735656265353762356565623063316264
36336561646539643965343534623636633936633662633930343363336533383266653062303631
63306566376436333335653537333964653630636561653561383836373537336630623737666561
38623535613132613337623134373736363162633330653164393030623230643762386637333332
32653735353335366661626632366133373937326137633261326438383165316137323831306635
30366135623764636365306331323337366431313361386561343431303031353465643162643634
38623764653662613734393230613837343739623862653630346438633335626633613434313762
39356632393064646230346366343834653934653966333835356437313233343239376366373266
33346339656537323038303238623933366538656139653563303039356162643563343933333739
36393637643530663166616536636430626232623839613066626136326531333564636665366338
34336138323935626439653961656134616134396231313765383964313666666339633464353330
36613630653534396662613766346334626663343462393963616139313637323561383763313761
37373061316232373532666138666139643766323634623131656539646361346162353164313361
36303332396133353336653564333261396232646362396334346333343765613037323963663964
31633730616338346635653235626561386537306439383633656564376133373339333536333235
39633936383437386332396636336134366334333330343730383864303633306463383439666464
66653239303163316138643030323630383033303533303537346335356139313133636335323033
65343836393733376565656136363334613561653434323238663664643561656431333565616636
34666537383437316433373236353034616135306238386664303933646133313164356166333661
62623332343133353065623433393937306631333862336364333735646336306662383833633630
62396132623737306165643435666237633030363966613038376139613763346232636335663432
33366532666564616135373065303830353664663437666633626139383734366139393138623730
66383037626433336435376662636264393132636162386361303566333464653862373634383962
38616363346134323862663230366138396363623064643437303936376535643032646361386636
62623939303336363630616437363239613031313433303939333964383561366234343461613739
36663462313538353936626438383737633434626632303931373335316533636566393665343233
65386262366130353531613363616236653633643134336533303834376132633135363636616537
39666535323065383361386463353061663234613735333437613165653932373764623430373135
31613765306437346163393630643866303538656136646261656661306334663063336562643430
61643263633361363663396463663134333362343938613131656531336539616439313639313234
62353030383734633730
